hoanh = [269, 247, 276, 254, 284, 236, 291, 271, 219, 254, 309, 210, 225, 234, 265, 294, 161, 225, 274, 177, 216, 243, 282, 316, 284, 159, 216, 250, 306, 186, 204, 226, 247, 263, 283, 304, 154, 169, 195, 207, 231, 260, 282, 308, 168, 177, 270, 289, 291, 297, 314, 139, 155, 170, 169, 182, 222, 303, 348, 354, 394, 136, 190, 228, 265, 314, 368, 402, 393, 416, 374, 380, 326, 280, 275, 127, 133, 146, 197, 214, 287, 353, 343, 388, 363, 297, 306, 310, 316, 324, 246, 260, 267, 277, 283, 282, 291, 218, 207, 181, 175, 183, 190, 196, 195, 211, 191, 223, 226, 209, 219, 214, 216, 204, 251, 257, 237, 215, 220, 230, 222, 237, 243, 250, 181, 195, 159, 241, 232, 245, 229, 191, 144, 96, 102, 94, 165, 162, 181, 194, 221, 238, 192, 239, 119, 75, 152, 190, 235, 232, 184, 146, 101, 141, 229, 198, 136, 96, 96, 135, 131, 179, 192, 223, 242, 129, 92, 87, 87, 128, 122, 121, 172, 221, 219, 239, 236, 246, 271, 262, 278, 292, 244, 220, 173, 105, 312, 332, 335, 212, 156, 170, 175, 214, 212, 276, 272, 300, 350, 359, 351, 362]
tung = [21, 29, 29, 33, 34, 43, 42, 48, 60, 62, 62, 67, 67, 80, 73, 73, 85, 86, 83, 96, 95, 93, 86, 87, 96, 106, 105, 100, 99, 117, 116, 114, 113, 113, 116, 120, 129, 125, 125, 123, 126, 124, 127, 123, 136, 147, 136, 129, 135, 144, 130, 173, 171, 165, 172, 162, 157, 157, 151, 137, 136, 187, 185, 170, 167, 166, 155, 141, 158, 157, 163, 167, 174, 177, 179, 206, 224, 234, 201, 200, 188, 187, 191, 179, 201, 198, 206, 216, 218, 229, 206, 213, 221, 229, 239, 251, 260, 217, 221, 212, 224, 232, 229, 227, 219, 231, 249, 240, 246, 252, 256, 256, 253, 259, 272, 282, 282, 290, 309, 315, 316, 344, 343, 367, 350, 359, 339, 368, 366, 380, 378, 369, 360, 344, 374, 384, 383, 394, 392, 394, 399, 420, 407, 430, 407, 389, 424, 434, 446, 460, 446, 440, 441, 454, 471, 474, 463, 457, 470, 470, 480, 484, 486, 491, 507, 489, 480, 486, 495, 497, 508, 516, 525, 527, 537, 527, 541, 544, 529, 539, 551, 566, 557, 553, 543, 561, 582, 581, 596, 584, 580, 584, 594, 593, 602, 604, 620, 609, 604, 601, 625, 624]


h1 = [269, 247, 276, 254, 284, 236, 291, 271, 219, 254, 309, 210, 225, 234, 265, 294, 161, 225, 274, 177, 216, 243, 282, 316, 284, 159, 216, 250, 306, 186, 204, 226, 247, 263, 283, 304, 154, 169, 195, 207, 231, 260, 282, 308, 168, 177, 270, 289, 291, 297, 314, 139, 155, 170, 169, 182, 222, 303, 348, 354, 394, 136, 190, 228, 265, 314, 368, 402, 393, 416, 374, 380, 326]
t1 = [21, 29, 29, 33, 34, 43, 42, 48, 60, 62, 62, 67, 67, 80, 73, 73, 85, 86, 83, 96, 95, 93, 86, 87, 96, 106, 105, 100, 99, 117, 116, 114, 113, 113, 116, 120, 129, 125, 125, 123, 126, 124, 127, 123, 136, 147, 136, 129, 135, 144, 130, 173, 171, 165, 172, 162, 157, 157, 151, 137, 136, 187, 185, 170, 167, 166, 155, 141, 158, 157, 163, 167, 174]
# Từ 1 đến 73

h2 = [280, 275, 127, 133, 146, 197, 214, 287, 353, 343, 388, 363, 297, 306, 310, 316, 324, 246, 260, 267, 277, 283, 282, 291, 218, 207, 181, 175, 183, 190, 196, 195, 211, 191, 223, 226, 209, 219, 214, 216, 204, 251, 257, 237, 215, 220, 230, 222, 237, 243, 250, 181, 195, 159, 241, 232, 245, 229, 191, 144, 96, 102, 94, 165, 162, 181, 194, 221, 238, 192, 239, 119, 75, 152, 190, 235, 232, 184, 146, 101, 141, 229, 198, 136, 96, 96, 135, 131, 179, 192, 223]
t2 = [177, 179, 206, 224, 234, 201, 200, 188, 187, 191, 179, 201, 198, 206, 216, 218, 229, 206, 213, 221, 229, 239, 251, 260, 217, 221, 212, 224, 232, 229, 227, 219, 231, 249, 240, 246, 252, 256, 256, 253, 259, 272, 282, 282, 290, 309, 315, 316, 344, 343, 367, 350, 359, 339, 368, 366, 380, 378, 369, 360, 344, 374, 384, 383, 394, 392, 394, 399, 420, 407, 430, 407, 389, 424, 434, 446, 460, 446, 440, 441, 454, 471, 474, 463, 457, 470, 470, 480, 484, 486, 491]
# Tiep den 164

h3 = [242, 129, 92, 87, 87, 128, 122, 121, 172, 221, 219, 239, 236, 246, 271, 262, 278, 292, 244, 220, 173, 105, 312, 332, 335, 212, 156, 170, 175, 214, 212, 276, 272, 300, 350, 359, 351, 362]
t3 = [507, 489, 480, 486, 495, 497, 508, 516, 525, 527, 537, 527, 541, 544, 529, 539, 551, 566, 557, 553, 543, 561, 582, 581, 596, 584, 580, 584, 594, 593, 602, 604, 620, 609, 604, 601, 625, 624]
# Tiep den 202

h4 = [260, 243, 260, 287, 326]
t4 = [367, 467, 509, 544, 566]
# Tiep den 207

hoanh = h1+h2+h3+h4
tung = t1+t2+t3+t4

# =>
h = [269, 247, 276, 254, 284, 236, 291, 271, 219, 254, 309, 210, 225, 234, 265, 294, 161, 225, 274, 177, 216, 243, 282, 316, 284, 159, 216, 250, 306, 186, 204, 226, 247, 263, 283, 304, 154, 169, 195, 207, 231, 260, 282, 308, 168, 177, 270, 289, 291, 297, 314, 139, 155, 170, 169, 182, 222, 303, 348, 354, 394, 136, 190, 228, 265, 314, 368, 402, 393, 416, 374, 380, 326, 280, 275, 127, 133, 146, 197, 214, 287, 353, 343, 388, 363, 297, 306, 310, 316, 324, 246, 260, 267, 277, 283, 282, 291, 218, 207, 181, 175, 183, 190, 196, 195, 211, 191, 223, 226, 209, 219, 214, 216, 204, 251, 257, 237, 215, 220, 230, 222, 237, 243, 250, 181, 195, 159, 241, 232, 245, 229, 191, 144, 96, 102, 94, 165, 162, 181, 194, 221, 238, 192, 239, 119, 75, 152, 190, 235, 232, 184, 146, 101, 141, 229, 198, 136, 96, 96, 135, 131, 179, 192, 223, 242, 129, 92, 87, 87, 128, 122, 121, 172, 221, 219, 239, 236, 246, 271, 262, 278, 292, 244, 220, 173, 105, 312, 332, 335, 212, 156, 170, 175, 214, 212, 276, 272, 300, 350, 359, 351, 362, 260, 243, 260, 287, 326, 239]
t = [21, 29, 29, 33, 34, 43, 42, 48, 60, 62, 62, 67, 67, 80, 73, 73, 85, 86, 83, 96, 95, 93, 86, 87, 96, 106, 105, 100, 99, 117, 116, 114, 113, 113, 116, 120, 129, 125, 125, 123, 126, 124, 127, 123, 136, 147, 136, 129, 135, 144, 130, 173, 171, 165, 172, 162, 157, 157, 151, 137, 136, 187, 185, 170, 167, 166, 155, 141, 158, 157, 163, 167, 174, 177, 179, 206, 224, 234, 201, 200, 188, 187, 191, 179, 201, 198, 206, 216, 218, 229, 206, 213, 221, 229, 239, 251, 260, 217, 221, 212, 224, 232, 229, 227, 219, 231, 249, 240, 246, 252, 256, 256, 253, 259, 272, 282, 282, 290, 309, 315, 316, 344, 343, 367, 350, 359, 339, 368, 366, 380, 378, 369, 360, 344, 374, 384, 383, 394, 392, 394, 399, 420, 407, 430, 407, 389, 424, 434, 446, 460, 446, 440, 441, 454, 471, 474, 463, 457, 470, 470, 480, 484, 486, 491, 507, 489, 480, 486, 495, 497, 508, 516, 525, 527, 537, 527, 541, 544, 529, 539, 551, 566, 557, 553, 543, 561, 582, 581, 596, 584, 580, 584, 594, 593, 602, 604, 620, 609, 604, 601, 625, 624, 367, 467, 509, 544, 566, 303]
