a = []

a += [1, 3, 1, 4, 2, 4, 2, 6, 3, 5, 5, 7, 5, 8, 6, 9, 7, 11, 8, 10, 8, 16, 9, 13, 10, 14, 10, 15]




a += [11, 24, 12, 18, 12, 20, 13, 14, 15, 19, 15, 22, 16, 23, 17, 20, 17, 26, 18, 21, 18, 33, 19, 23, 19, 28, 20, 26]




a += [23, 25, 24, 29, 25, 34, 26, 37, 26, 38, 27, 31, 29, 35, 30, 39]

a += [31, 40, 32, 40, 33, 41, 33, 42, 35, 43, 36, 44, 36, 48, 37, 38, 37, 52, 38, 45, 39, 40, 40, 46, 40, 57]

a += [42, 47, 42, 57, 43, 47, 43, 48, 44, 48, 45, 46, 45, 53, 46, 56, 47, 64, 48, 49, 49, 50, 50, 51, 50, 58]

a += [52, 62, 54, 55, 56, 63, 57, 64, 58, 74, 59, 73, 60, 67]

a += [61, 67, 61, 68, 62, 76, 63, 64, 63, 79, 64, 91, 66, 73, 66, 81, 67, 71, 68, 70, 68, 71, 69, 72, 70, 84]

a += [71, 72, 72, 82, 72, 84, 73, 83, 73, 86, 74, 75, 74, 81, 75, 91, 76, 77, 77, 78, 78, 107, 79, 99, 79, 100]

a += [81, 86, 81, 92, 82, 83, 82, 85, 83, 89, 84, 85, 85, 90, 86, 87, 86, 92, 87, 87, 87, 94, 88, 89, 88, 95, 89, 90, 90, 97]

a += [91, 98, 92, 93, 93, 94, 94, 95, 95, 96, 96, 97, 97, 116, 98, 99, 99, 105, 99, 106, 100, 101]

a += [101, 102, 102, 103, 103, 104, 104, 105, 106, 107, 106, 108, 107, 114, 108, 109, 109, 113, 110, 112, 110, 113]

a += [111, 112, 111, 113, 112, 114, 114, 208, 115, 116, 115, 117, 116, 208, 118, 119, 119, 120, 119, 125, 119, 208, 120, 121, 120, 123, 120, 208]

a += [121, 122, 121, 125, 123, 124, 124, 128, 124, 203, 125, 126, 125, 127, 125, 137, 126, 129, 127, 133, 128, 129, 128, 130, 129, 131, 130, 142]

a += [131, 132, 131, 141, 132, 139, 134, 146, 135, 136, 137, 138, 137, 139, 138, 147, 139, 140, 140, 141, 140, 143]

a += [142, 143, 142, 144, 143, 148, 144, 149, 145, 153, 145, 146, 147, 148, 147, 152, 148, 149, 148, 151, 149, 150, 150, 151, 150, 155]

a += [151, 152, 152, 154, 153, 154, 153, 158, 154, 156, 154, 157, 155, 156, 156, 163, 157, 158, 157, 160, 158, 159, 159, 167, 160, 161, 160, 162]

a += [161, 166, 162, 163, 162, 173, 163, 164, 166, 167, 166, 170, 167, 168, 168, 169, 168, 170, 179, 171, 170, 171]

a += [171, 172, 172, 173, 172, 186, 173, 175, 173, 185, 175, 177, 176, 177, 177, 178, 178, 183, 179, 180, 180, 181]

a += [181, 188, 182, 183, 182, 187, 183, 184, 184, 185, 184, 190, 186, 191, 187, 198, 188, 199, 189, 201]

a += [191, 192, 192, 193, 192, 194, 194, 195, 194, 196, 196, 197, 199, 200, 199, 202]



arr = []
arr_nei = []
for i in range(0, len(a), 2):
    arr.append(a[i])
    arr_nei.append(a[i+1])

print(arr)
print(arr_nei)


arr = [1, 1, 2, 2, 3, 5, 5, 6, 7, 8, 8, 9, 10, 10, 11, 12, 12, 13, 15, 15, 16, 17, 17, 18, 18, 19, 19, 20, 23, 24, 25, 26, 26, 27, 29, 30, 31, 32, 33, 33, 35, 36, 36, 37, 37, 38, 39, 40, 40, 42, 42, 43, 43, 44, 45, 45, 46, 47, 48, 49, 50, 50, 52, 54, 56, 57, 58, 59, 60, 61, 61, 62, 63, 63, 64, 66, 66, 67, 68, 68, 69, 70, 71, 72, 72, 73, 73, 74, 74, 75, 76, 77, 78, 79, 79, 81, 81, 82, 82, 83, 84, 85, 86, 86, 87, 87, 88, 88, 89, 90, 91, 92, 93, 94, 95, 96, 97, 98, 99, 99, 100, 101, 102, 103, 104, 106, 106, 107, 108, 109, 110, 110, 111, 111, 112, 114, 115, 115, 116, 118, 119, 119, 119, 120, 120, 120, 121, 121, 123, 124, 124, 125, 125, 125, 126, 127, 128, 128, 129, 130, 131, 131, 132, 134, 135, 137, 137, 138, 139, 140, 140, 142, 142, 143, 144, 145, 145, 147, 147, 148, 148, 149, 150, 150, 151, 152, 153, 153, 154, 154, 155, 156, 157, 157, 158, 159, 160, 160, 161, 162, 162, 163, 166, 166, 167, 168, 168, 179, 170, 171, 172, 172, 173, 173, 175, 176, 177, 178, 179, 180, 181, 182, 182, 183, 184, 184, 186, 187, 188, 189, 191, 192, 192, 194, 194, 196, 199, 199, 203, 204, 205, 206]
arr_nei = [3, 4, 4, 6, 5, 7, 8, 9, 11, 10, 16, 13, 14, 15, 24, 18, 20, 14, 19, 22, 23, 20, 26, 21, 33, 23, 28, 26, 25, 29, 34, 37, 38, 31, 35, 39, 40, 40, 41, 42, 43, 44, 48, 38, 52, 45, 40, 46, 57, 47, 57, 47, 48, 48, 46, 53, 56, 64, 49, 50, 51, 58, 62, 55, 63, 64, 74, 73, 67, 67, 68, 76, 64, 79, 91, 73, 81, 71, 70, 71, 72, 84, 72, 82, 84, 83, 86, 75, 81, 91, 77, 78, 107, 99, 100, 86, 92, 83, 85, 89, 85, 90, 87, 92, 87, 94, 89, 95, 90, 97, 98, 93, 94, 95, 96, 97, 116, 99, 105, 106, 101, 102, 103, 104, 105, 107, 108, 114, 109, 113, 112, 113, 112, 113, 114, 208, 116, 117, 208, 119, 120, 125, 208, 121, 123, 208, 122, 125, 124, 128, 203, 126, 127, 137, 129, 133, 129, 130, 131, 142, 132, 141, 139, 146, 136, 138, 139, 147, 140, 141, 143, 143, 144, 148, 149, 153, 146, 148, 152, 149, 151, 150, 151, 155, 152, 154, 154, 158, 156, 157, 156, 163, 158, 160, 159, 167, 161, 162, 166, 163, 173, 164, 167, 170, 168, 169, 170, 171, 171, 172, 173, 186, 175, 185, 177, 177, 178, 183, 180, 181, 188, 183, 187, 184, 185, 190, 191, 198, 199, 201, 192, 193, 194, 195, 196, 197, 200, 202, 204, 205, 206, 207]

